A = [ 7.9943e-03 -1.5862e-20 -3.2594e-21  1.1868e-03  2.3799e-22  2.3799e-22  1.1492e-03 -1.2642e-03  7.6641e-04;
-1.5862e-20  8.1269e-03 -2.4754e-32 -9.7204e-22  1.1950e-03 -4.2119e-36 -1.1086e-18 -1.3812e-18 -1.2864e-18;
-3.2594e-21 -2.4754e-32  8.1269e-03 -1.9972e-22 -1.1068e-36  1.1950e-03 -3.0009e-19 -3.3537e-19 -3.3322e-19;
 1.1868e-03 -9.7204e-22 -1.9972e-22  8.0213e-04  1.4588e-23  1.4588e-23  4.9567e-05 -7.9990e-05  2.3855e-05;
 2.3799e-22  1.1950e-03 -1.1068e-36  1.4588e-23  8.0263e-04 -1.7339e-38 -7.4475e-21  3.8484e-21 -4.0460e-21;
 2.3799e-22 -4.2119e-36  1.1950e-03  1.4588e-23 -1.7339e-38  8.0263e-04 -7.4475e-21  3.8484e-21 -4.0460e-21;
 1.1492e-03 -1.1086e-18 -3.0009e-19  4.9567e-05 -7.4475e-21 -7.4475e-21  1.7067e-02  2.4503e-02 -2.0575e-02;
-1.2642e-03 -1.3812e-18 -3.3537e-19 -7.9990e-05  3.8484e-21  3.8484e-21  2.4503e-02  2.4139e-02  1.9144e-02;
 7.6641e-04 -1.2864e-18 -3.3322e-19  2.3855e-05 -4.0460e-21 -4.0460e-21 -2.0575e-02  1.9144e-02  3.1227e-02]











